new_id	original_id
0	6
1	8
2	10
3	12
4	13
5	31
6	36
7	41
8	47
9	50
10	52
11	63
12	67
13	71
14	72
15	82
16	85
17	86
18	95
19	104
20	108
21	109
22	113
23	116
24	136
25	138
26	143
27	144
28	145
29	146
30	151
31	157
32	159
33	168
34	173
35	174
36	175
37	180
38	181
39	190
40	191
41	194
42	200
43	204
44	210
45	211
46	215
47	219
48	226
49	228
50	230
51	233
52	246
53	258
54	262
55	263
56	268
57	270
58	272
59	275
60	278
61	282
62	292
63	303
64	307
65	310
66	312
67	318
68	322
69	324
70	331
71	333
72	334
73	335
74	338
75	341
76	342
77	346
78	350
79	351
80	353
81	354
82	357
83	359
84	361
85	364
86	365
87	369
88	370
89	386
90	389
91	390
92	395
93	397
94	398
95	399
96	405
97	406
98	408
99	411
100	413
101	417
102	419
103	424
104	429
105	430
106	432
107	440
108	446
109	451
110	459
111	462
112	473
113	475
114	476
115	479
116	485
117	494
118	496
119	500
120	502
121	507
122	510
123	511
124	512
125	522
126	523
127	527
128	529
129	530
130	532
131	535
132	536
133	543
134	544
135	546
136	549
137	550
138	552
139	562
140	569
141	574
142	592
143	595
144	596
145	599
146	602
147	606
148	610
149	613
150	614
151	619
152	621
153	632
154	633
155	636
156	638
157	640
158	642
159	645
160	648
161	649
162	650
163	664
164	665
165	668
166	670
167	674
168	678
169	679
170	687
171	692
172	695
173	700
174	707
175	708
176	714
177	716
178	720
179	724
180	726
181	727
182	732
183	736
184	737
185	739
186	747
187	748
188	750
189	754
190	756
191	758
192	765
193	766
194	767
195	780
196	784
197	790
198	792
199	794
200	795
201	796
202	799
203	800
204	802
205	803
206	809
207	810
208	813
209	816
210	820
211	824
212	835
213	838
214	844
215	857
216	858
217	866
218	867
219	870
220	871
221	877
222	878
223	879
224	881
225	883
226	887
227	888
228	891
229	893
230	895
231	897
232	898
233	899
234	912
235	915
236	918
237	925
238	929
239	933
240	934
241	936
242	950
243	953
244	954
245	959
246	961
247	962
248	963
249	971
250	973
251	974
252	978
253	979
254	982
255	992
256	996
257	1000
258	1005
259	1006
260	1007
261	1010
262	1013
263	1015
264	1016
265	1021
266	1026
267	1027
268	1030
269	1031
270	1037
271	1047
272	1050
273	1052
274	1054
275	1059
276	1062
277	1068
278	1071
279	1075
280	1082
281	1085
282	1091
283	1094
284	1103
285	1109
286	1112
287	1116
288	1119
289	1128
290	1131
291	1134
292	1146
293	1152
294	1155
295	1158
296	1167
297	1168
298	1175
299	1178
300	1189
301	1191
302	1199
303	1203
304	1211
305	1217
306	1219
307	1223
308	1225
309	1227
310	1232
311	1233
312	1234
313	1238
314	1242
315	1251
316	1254
317	1257
318	1258
319	1265
320	1266
321	1270
322	1271
323	1272
324	1273
325	1277
326	1279
327	1291
328	1295
329	1296
330	1306
331	1312
332	1314
333	1317
334	1319
335	1320
336	1321
337	1323
338	1327
339	1328
340	1334
341	1337
342	1340
343	1341
344	1345
345	1348
346	1351
347	1353
348	1354
349	1362
350	1363
351	1364
352	1366
353	1377
354	1380
355	1387
356	1389
357	1390
358	1394
359	1395
360	1400
361	1403
362	1404
363	1408
364	1413
365	1417
366	1423
367	1427
368	1429
369	1447
370	1448
371	1449
372	1456
373	1459
374	1463
375	1466
376	1467
377	1473
378	1475
379	1482
380	1483
381	1486
382	1490
383	1495
384	1496
385	1505
386	1506
387	1507
388	1516
389	1518
390	1523
391	1529
392	1530
393	1531
394	1541
395	1550
396	1553
397	1555
398	1559
399	1562
400	1565
401	1574
402	1582
403	1587
404	1595
405	1598
406	1599
407	1602
408	1604
409	1610
410	1611
411	1614
412	1621
413	1622
414	1626
415	1628
416	1634
417	1638
418	1639
419	1642
420	1645
421	1648
422	1659
423	1663
424	1668
425	1681
426	1688
427	1691
428	1695
429	1705
430	1713
431	1716
432	1717
433	1718
434	1722
435	1724
436	1725
437	1726
438	1728
439	1729
440	1736
441	1737
442	1739
443	1751
444	1752
445	1754
446	1758
447	1759
448	1770
449	1774
450	1776
451	1791
452	1792
453	1793
454	1794
455	1797
456	1800
457	1803
458	1807
459	1811
460	1812
461	1813
462	1820
463	1821
464	1823
465	1829
466	1830
467	1835
468	1836
469	1846
470	1851
471	1859
472	1860
473	1861
474	1867
475	1872
476	1877
477	1886
478	1890
479	1895
480	1899
481	1901
482	1908
483	1912
484	1913
485	1920
486	1930
487	1932
488	1933
489	1936
490	1938
491	1952
492	1957
493	1971
494	1972
495	1976
496	1980
497	1981
498	1984
499	1991
500	1992
501	1993
502	1994
503	1997
504	2001
505	2002
506	2006
507	2009
508	2012
509	2013
510	2017
511	2026
512	2027
513	2031
514	2037
515	2038
516	2053
517	2055
518	2058
519	2061
520	2063
521	2067
522	2071
523	2072
524	2076
525	2081
526	2086
527	2088
528	2093
529	2094
530	2100
531	2103
532	2104
533	2110
534	2113
535	2116
536	2117
537	2123
538	2125
539	2129
540	2131
541	2138
542	2141
543	2145
544	2148
545	2162
546	2165
547	2169
548	2172
549	2180
550	2182
551	2187
552	2190
553	2195
554	2202
555	2203
556	2204
557	2207
558	2216
559	2219
560	2220
561	2223
562	2226
563	2230
564	2231
565	2232
566	2243
567	2259
568	2267
569	2274
570	2277
571	2281
572	2283
573	2284
574	2291
575	2294
576	2309
577	2310
578	2315
579	2321
580	2323
581	2324
582	2326
583	2329
584	2337
585	2340
586	2344
587	2345
588	2351
589	2359
590	2363
591	2365
592	2367
593	2371
594	2377
595	2379
596	2380
597	2381
598	2387
599	2389
600	2390
601	2392
602	2400
603	2405
604	2413
605	2414
606	2419
607	2423
608	2427
609	2431
610	2437
611	2449
612	2450
613	2453
614	2470
615	2474
616	2475
617	2476
618	2478
619	2480
620	2481
621	2488
622	2495
623	2508
624	2509
625	2510
626	2512
627	2517
628	2519
629	2527
630	2530
631	2534
632	2536
633	2539
634	2542
635	2545
636	2547
637	2555
638	2557
639	2558
640	2561
641	2568
642	2571
643	2577
644	2590
645	2591
646	2592
647	2597
648	2598
649	2602
650	2605
651	2608
652	2610
653	2611
654	2614
655	2617
656	2619
657	2623
658	2626
659	2628
660	2633
661	2642
662	2644
663	2647
664	2648
665	2652
666	2657
667	2658
668	2661
669	2664
670	2669
671	2682
672	2683
673	2685
674	2687
675	2688
676	2689
677	2694
678	2708
679	2709
680	2711
681	2713
682	2715
683	2718
684	2722
685	2729
686	2736
687	2739
688	2743
689	2745
690	2747
691	2748
692	2749
693	2751
694	2753
695	2755
696	2756
697	2759
698	2762
699	2763
700	2765
701	2767
702	2775
703	2777
704	2781
705	2784
706	2786
707	2793
708	2795
709	2805
710	2811
711	2821
712	2830
713	2831
714	2835
715	2837
716	2840
717	2845
718	2847
719	2853
720	2855
721	2856
722	2858
723	2862
724	2873
725	2875
726	2879
727	2890
728	2892
729	2896
730	2900
731	2903
732	2909
733	2911
734	2914
735	2918
736	2922
737	2924
738	2930
739	2931
740	2938
741	2943
742	2944
743	2949
744	2950
745	2956
746	2957
747	2958
748	2960
749	2961
750	2963
751	2964
752	2968
753	2974
754	2976
755	2979
756	2981
757	2983
758	2986
759	2987
760	2988
761	2991
762	3000
763	3004
764	3006
765	3008
766	3011
767	3012
768	3013
769	3014
770	3015
771	3019
772	3029
773	3031
774	3041
775	3044
776	3045
777	3053
778	3054
779	3059
780	3061
781	3063
782	3064
783	3066
784	3075
785	3076
786	3078
787	3080
788	3089
789	3090
790	3093
791	3094
792	3102
793	3104
794	3107
795	3112
796	3117
797	3120
798	3121
799	3123
800	3127
801	3132
802	3134
803	3137
804	3138
805	3141
806	3147
807	3149
808	3156
809	3158
810	3159
811	3166
812	3168
813	3169
814	3170
815	3172
816	3175
817	3184
818	3193
819	3196
820	3202
821	3207
822	3210
823	3213
824	3217
825	3224
826	3228
827	3230
828	3235
829	3236
830	3237
831	3238
832	3240
833	3241
834	3248
835	3250
836	3252
837	3263
838	3273
839	3277
840	3278
841	3279
842	3284
843	3289
844	3290
845	3293
846	3295
847	3296
848	3302
849	3305
850	3309
851	3312
852	3313
853	3315
854	3316
855	3318
856	3320
857	3322
858	3325
859	3329
860	3335
861	3336
862	3337
863	3339
864	3343
865	3346
866	3349
867	3352
868	3355
869	3361
870	3362
871	3363
872	3369
873	3373
874	3379
875	3381
876	3382
877	3392
878	3394
879	3397
880	3408
881	3410
882	3411
883	3413
884	3414
885	3435
886	3436
887	3437
888	3446
889	3451
890	3453
891	3454
892	3455
893	3456
894	3460
895	3469
896	3476
897	3477
898	3478
899	3480
900	3482
901	3485
902	3486
903	3489
904	3493
905	3494
906	3495
907	3497
908	3498
909	3500
910	3501
911	3506
912	3512
913	3514
914	3517
915	3519
916	3525
917	3537
918	3543
919	3553
920	3556
921	3558
922	3562
923	3569
924	3572
925	3574
926	3580
927	3581
928	3588
929	3591
930	3592
931	3601
932	3605
933	3608
934	3609
935	3611
936	3612
937	3613
938	3615
939	3621
940	3629
941	3632
942	3633
943	3636
944	3638
945	3640
946	3643
947	3653
948	3658
949	3660
950	3663
951	3666
952	3667
953	3669
954	3671
955	3673
956	3675
957	3676
958	3681
959	3682
960	3684
961	3686
962	3695
963	3697
964	3698
965	3699
966	3700
967	3701
968	3703
969	3705
970	3712
971	3716
972	3721
973	3724
974	3726
975	3729
976	3743
977	3751
978	3760
979	3762
980	3765
981	3772
982	3773
983	3774
984	3775
985	3777
986	3784
987	3785
988	3789
989	3794
990	3795
991	3797
992	3800
993	3802
994	3807
995	3815
996	3819
997	3824
998	3828
999	3833
1000	3835
1001	3836
1002	3838
1003	3839
1004	3840
1005	3841
1006	3849
1007	3859
1008	3870
1009	3872
1010	3875
1011	3893
1012	3894
1013	3895
1014	3899
1015	3901
1016	3903
1017	3909
1018	3912
1019	3914
1020	3917
1021	3918
1022	3924
1023	3929
1024	3930
1025	3934
1026	3938
1027	3946
1028	3956
1029	3960
1030	3961
1031	3962
1032	3963
1033	3967
1034	3969
1035	3978
1036	3984
1037	3988
1038	3992
1039	3994
1040	4002
1041	4007
1042	4008
1043	4017
1044	4020
1045	4041
1046	4045
1047	4050
1048	4053
1049	4058
1050	4060
1051	4068
1052	4073
1053	4076
1054	4090
1055	4091
1056	4092
1057	4099
1058	4102
1059	4105
1060	4106
1061	4109
1062	4113
1063	4115
1064	4123
1065	4128
1066	4129
1067	4130
1068	4131
1069	4132
1070	4134
1071	4144
1072	4155
1073	4156
1074	4158
1075	4159
1076	4160
1077	4167
1078	4172
1079	4178
1080	4185
1081	4186
1082	4192
1083	4198
1084	4201
1085	4204
1086	4210
1087	4212
1088	4213
1089	4216
1090	4219
1091	4221
1092	4223
1093	4224
1094	4226
1095	4229
1096	4234
1097	4237
1098	4238
1099	4241
1100	4243
1101	4245
1102	4246
1103	4254
1104	4256
1105	4265
1106	4269
1107	4277
1108	4283
1109	4285
1110	4286
1111	4289
1112	4293
1113	4295
1114	4300
1115	4306
1116	4309
1117	4313
1118	4319
1119	4327
1120	4333
1121	4340
1122	4344
1123	4347
1124	4352
1125	4359
1126	4362
1127	4367
1128	4371
1129	4386
1130	4392
1131	4393
1132	4397
1133	4400
1134	4401
1135	4402
1136	4403
1137	4407
1138	4413
1139	4419
1140	4421
1141	4424
1142	4425
1143	4427
1144	4429
1145	4434
1146	4435
1147	4451
1148	4457
1149	4461
1150	4462
1151	4464
1152	4468
1153	4469
1154	4470
1155	4473
1156	4475
1157	4476
1158	4477
1159	4478
1160	4482
1161	4491
1162	4492
1163	4493
1164	4497
1165	4506
1166	4511
1167	4513
1168	4518
1169	4527
1170	4529
1171	4530
1172	4533
1173	4535
1174	4539
1175	4540
1176	4544
1177	4546
1178	4551
1179	4564
1180	4565
1181	4570
1182	4571
1183	4572
1184	4573
1185	4574
1186	4575
1187	4583
1188	4586
1189	4600
1190	4601
1191	4605
1192	4606
1193	4611
1194	4613
1195	4614
1196	4623
1197	4635
1198	4636
1199	4639
1200	4644
1201	4645
1202	4649
1203	4654
1204	4657
1205	4658
1206	4659
1207	4663
1208	4665
1209	4671
1210	4673
1211	4676
1212	4678
1213	4679
1214	4681
1215	4684
1216	4685
1217	4690
1218	4692
1219	4694
1220	4711
1221	4715
1222	4716
1223	4717
1224	4724
1225	4727
1226	4731
1227	4732
1228	4734
1229	4735
1230	4743
1231	4750
1232	4752
1233	4756
1234	4763
1235	4766
1236	4767
1237	4768
1238	4773
1239	4774
1240	4780
1241	4781
1242	4786
1243	4792
1244	4795
1245	4798
1246	4805
1247	4806
1248	4807
1249	4811
1250	4813
1251	4814
1252	4818
1253	4819
1254	4826
1255	4828
1256	4829
1257	4836
1258	4845
1259	4852
1260	4856
1261	4858
1262	4859
1263	4863
1264	4865
1265	4866
1266	4868
1267	4884
1268	4885
1269	4886
1270	4889
1271	4895
1272	4897
1273	4898
1274	4903
1275	4904
1276	4907
1277	4908
1278	4914
1279	4915
1280	4916
1281	4919
1282	4921
1283	4922
1284	4923
1285	4925
1286	4927
1287	4931
1288	4933
1289	4938
1290	4942
1291	4945
1292	4950
1293	4953
1294	4956
1295	4960
1296	4964
1297	4968
1298	4969
1299	4970
1300	4972
1301	4976
1302	4980
1303	4981
1304	4989
1305	4990
1306	4995
1307	4997
1308	4999
1309	5004
1310	5014
1311	5015
1312	5017
1313	5018
1314	5020
1315	5025
1316	5033
1317	5035
1318	5043
1319	5049
1320	5055
1321	5059
1322	5064
1323	5082
1324	5083
1325	5084
1326	5096
1327	5100
1328	5102
1329	5111
1330	5115
1331	5118
1332	5119
1333	5121
1334	5123
1335	5131
1336	5135
1337	5142
1338	5149
1339	5153
1340	5156
1341	5158
1342	5164
1343	5180
1344	5181
1345	5182
1346	5185
1347	5186
1348	5188
1349	5191
1350	5193
1351	5198
1352	5199
1353	5204
1354	5206
1355	5217
1356	5226
1357	5229
1358	5235
1359	5240
1360	5244
1361	5246
1362	5251
1363	5252
1364	5254
1365	5258
1366	5261
1367	5262
1368	5267
1369	5269
1370	5270
1371	5273
1372	5275
1373	5277
1374	5280
1375	5281
1376	5282
1377	5283
1378	5284
1379	5286
1380	5288
1381	5290
1382	5300
1383	5302
1384	5305
1385	5307
1386	5314
1387	5315
1388	5316
1389	5318
1390	5320
1391	5325
1392	5328
1393	5330
1394	5335
1395	5341
1396	5342
1397	5344
1398	5347
1399	5363
1400	5365
1401	5372
1402	5374
1403	5376
1404	5380
1405	5382
1406	5386
1407	5387
1408	5388
1409	5392
1410	5396
1411	5397
1412	5400
1413	5401
1414	5405
1415	5406
1416	5407
1417	5408
1418	5416
1419	5419
1420	5428
1421	5429
1422	5432
1423	5434
1424	5436
1425	5438
1426	5445
1427	5451
1428	5452
1429	5454
1430	5455
1431	5457
1432	5461
1433	5463
1434	5476
1435	5483
1436	5490
1437	5492
1438	5497
1439	5498
1440	5499
1441	5500
1442	5502
1443	5510
1444	5511
1445	5513
1446	5517
1447	5524
1448	5525
1449	5527
1450	5528
1451	5529
1452	5534
1453	5542
1454	5544
1455	5548
1456	5550
1457	5554
1458	5567
1459	5571
1460	5576
1461	5593
1462	5597
1463	5598
1464	5601
1465	5607
1466	5608
1467	5610
1468	5611
1469	5613
1470	5618
1471	5619
1472	5621
1473	5627
1474	5628
1475	5631
1476	5632
1477	5643
1478	5646
1479	5657
1480	5665
1481	5669
1482	5673
1483	5678
1484	5683
1485	5694
1486	5697
1487	5702
1488	5703
1489	5706
1490	5709
1491	5712
1492	5713
1493	5718
1494	5720
1495	5723
1496	5726
1497	5735
1498	5736
1499	5737
1500	5741
1501	5744
1502	5756
1503	5765
1504	5767
1505	5770
1506	5774
1507	5778
1508	5780
1509	5788
1510	5790
1511	5795
1512	5798
1513	5799
1514	5802
1515	5805
1516	5809
1517	5811
1518	5812
1519	5813
1520	5815
1521	5821
1522	5822
1523	5823
1524	5824
1525	5828
1526	5829
1527	5830
1528	5835
1529	5841
1530	5844
1531	5845
1532	5848
1533	5851
1534	5856
1535	5859
1536	5861
1537	5862
1538	5863
1539	5867
1540	5869
1541	5870
1542	5874
1543	5875
1544	5877
1545	5879
1546	5881
1547	5882
1548	5885
1549	5890
1550	5891
1551	5893
1552	5894
1553	5896
1554	5900
1555	5901
1556	5902
1557	5904
1558	5907
1559	5910
1560	5912
1561	5924
1562	5928
1563	5929
1564	5931
1565	5940
1566	5941
1567	5942
1568	5943
1569	5946
1570	5947
1571	5948
1572	5951
1573	5964
1574	5971
1575	5975
1576	5977
1577	5983
1578	5989
1579	5990
1580	5998
1581	6011
1582	6012
1583	6013
1584	6019
1585	6028
1586	6029
1587	6034
1588	6035
1589	6037
1590	6038
1591	6040
1592	6041
1593	6047
1594	6048
1595	6050
1596	6051
1597	6056
1598	6058
1599	6066
1600	6069
1601	6070
1602	6079
1603	6081
1604	6083
1605	6086
1606	6089
1607	6091
1608	6092
1609	6099
1610	6100
1611	6101
1612	6110
1613	6117
1614	6118
1615	6123
1616	6132
1617	6134
1618	6135
1619	6143
1620	6146
1621	6147
1622	6150
1623	6154
1624	6158
1625	6160
1626	6161
1627	6162
1628	6164
1629	6165
1630	6172
1631	6176
1632	6178
1633	6186
1634	6196
1635	6198
1636	6204
1637	6205
1638	6211
1639	6217
1640	6219
1641	6227
1642	6231
1643	6232
1644	6240
1645	6241
1646	6245
1647	6246
1648	6250
1649	6259
1650	6265
1651	6268
1652	6269
1653	6270
1654	6272
1655	6275
1656	6276
1657	6277
1658	6278
1659	6281
1660	6282
1661	6284
1662	6287
1663	6289
1664	6293
1665	6294
1666	6296
1667	6300
1668	6301
1669	6305
1670	6307
1671	6312
1672	6314
1673	6315
1674	6318
1675	6320
1676	6324
1677	6326
1678	6328
1679	6330
1680	6331
1681	6340
1682	6345
1683	6346
1684	6347
1685	6349
1686	6352
1687	6353
1688	6355
1689	6356
1690	6358
1691	6360
1692	6364
1693	6366
1694	6374
1695	6376
1696	6385
1697	6387
1698	6391
1699	6402
1700	6408
1701	6409
1702	6412
1703	6413
1704	6415
1705	6417
1706	6418
1707	6421
1708	6422
1709	6427
1710	6433
1711	6434
1712	6437
1713	6439
1714	6441
1715	6442
1716	6456
1717	6458
1718	6464
1719	6467
1720	6470
1721	6473
1722	6479
1723	6481
1724	6485
1725	6487
1726	6488
1727	6489
1728	6494
1729	6496
1730	6501
1731	6513
1732	6517
1733	6524
1734	6527
1735	6531
1736	6532
1737	6539
1738	6546
1739	6553
1740	6560
1741	6570
1742	6579
1743	6580
1744	6587
1745	6595
1746	6601
1747	6603
1748	6604
1749	6606
1750	6609
1751	6610
1752	6611
1753	6618
1754	6619
1755	6620
1756	6621
1757	6622
1758	6629
1759	6638
1760	6643
1761	6653
1762	6655
1763	6660
1764	6662
1765	6668
1766	6672
1767	6673
1768	6676
1769	6680
1770	6684
1771	6686
1772	6694
1773	6700
1774	6701
1775	6702
1776	6705
1777	6707
1778	6715
1779	6718
1780	6722
1781	6723
1782	6725
1783	6726
1784	6736
1785	6737
1786	6744
1787	6746
1788	6749
1789	6753
1790	6754
1791	6770
1792	6773
1793	6775
1794	6781
1795	6794
1796	6797
1797	6802
1798	6814
1799	6819
1800	6820
1801	6822
1802	6824
1803	6827
1804	6829
1805	6831
1806	6834
1807	6836
1808	6838
1809	6841
1810	6844
1811	6845
1812	6847
1813	6849
1814	6856
1815	6866
1816	6868
1817	6870
1818	6871
1819	6875
1820	6877
1821	6880
1822	6885
1823	6886
1824	6893
1825	6895
1826	6896
1827	6897
1828	6898
1829	6901
1830	6902
1831	6910
1832	6912
1833	6924
1834	6926
1835	6927
1836	6928
1837	6929
1838	6931
1839	6935
1840	6938
1841	6940
1842	6941
1843	6943
1844	6946
1845	6948
1846	6950
1847	6954
1848	6959
1849	6961
1850	6970
1851	6972
1852	6974
1853	6977
1854	6978
1855	6981
1856	6988
1857	6991
1858	6993
1859	7000
1860	7002
1861	7009
1862	7011
1863	7018
1864	7022
1865	7024
1866	7038
1867	7042
1868	7044
1869	7045
1870	7046
1871	7048
1872	7060
1873	7064
1874	7071
1875	7072
1876	7073
1877	7075
1878	7079
1879	7083
1880	7087
1881	7089
1882	7092
1883	7097
1884	7101
1885	7103
1886	7110
1887	7114
1888	7118
1889	7121
1890	7124
1891	7126
1892	7128
1893	7133
1894	7138
1895	7149
1896	7153
1897	7155
1898	7162
1899	7174
1900	7175
1901	7176
1902	7179
1903	7191
1904	7201
1905	7212
1906	7215
1907	7218
1908	7219
1909	7223
1910	7225
1911	7228
1912	7240
1913	7242
1914	7245
1915	7247
1916	7252
1917	7253
1918	7256
1919	7259
1920	7265
1921	7268
1922	7270
1923	7280
1924	7289
1925	7293
1926	7295
1927	7306
1928	7315
1929	7316
1930	7317
1931	7324
1932	7326
1933	7327
1934	7336
1935	7338
1936	7340
1937	7341
1938	7348
1939	7353
1940	7356
1941	7357
1942	7359
1943	7361
1944	7363
1945	7376
1946	7379
1947	7380
1948	7383
1949	7388
1950	7389
1951	7393
1952	7402
1953	7406
1954	7411
1955	7414
1956	7419
1957	7424
1958	7427
1959	7428
1960	7431
1961	7434
1962	7440
1963	7445
1964	7447
1965	7448
1966	7449
1967	7460
1968	7463
1969	7465
1970	7468
1971	7470
1972	7474
1973	7478
1974	7479
1975	7485
1976	7487
1977	7491
1978	7495
1979	7506
1980	7511
1981	7514
1982	7524
1983	7526
1984	7533
1985	7536
1986	7537
1987	7538
1988	7542
1989	7545
1990	7547
1991	7553
1992	7554
1993	7555
1994	7558
1995	7561
1996	7565
1997	7569
1998	7573
1999	7577
2000	7578
2001	7586
2002	7590
2003	7593
2004	7595
2005	7596
2006	7597
2007	7598
2008	7600
2009	7608
2010	7610
2011	7611
2012	7614
2013	7620
2014	7625
2015	7628
2016	7632
2017	7633
2018	7638
2019	7640
2020	7644
2021	7646
2022	7647
2023	7650
2024	7653
2025	7656
2026	7657
2027	7663
2028	7666
2029	7671
2030	7676
2031	7677
2032	7679
2033	7684
2034	7685
2035	7686
2036	7687
2037	7698
2038	7704
2039	7710
2040	7712
2041	7716
2042	7717
2043	7720
2044	7721
2045	7724
2046	7728
2047	7733
2048	7735
2049	7736
2050	7739
2051	7745
2052	7748
2053	7755
2054	7759
2055	7761
2056	7763
2057	7769
2058	7770
2059	7772
2060	7773
2061	7775
2062	7779
2063	7781
2064	7782
2065	7787
2066	7796
2067	7802
2068	7809
2069	7810
2070	7811
2071	7812
2072	7814
2073	7828
2074	7834
2075	7842
2076	7851
2077	7853
2078	7854
2079	7857
2080	7863
2081	7868
2082	7869
2083	7870
2084	7875
2085	7877
2086	7890
2087	7892
2088	7917
2089	7918
2090	7919
2091	7920
2092	7921
2093	7924
2094	7926
2095	7928
2096	7933
2097	7935
2098	7937
2099	7940
2100	7941
2101	7944
2102	7947
2103	7950
2104	7951
2105	7954
2106	7962
2107	7974
2108	7977
2109	7986
2110	7987
2111	7991
2112	7996
2113	8000
2114	8001
2115	8003
2116	8012
2117	8015
2118	8017
2119	8019
2120	8020
2121	8024
2122	8044
2123	8046
2124	8056
2125	8059
2126	8063
2127	8066
2128	8073
2129	8075
2130	8076
2131	8078
2132	8081
2133	8083
2134	8084
2135	8086
2136	8087
2137	8089
2138	8098
2139	8109
2140	8112
2141	8116
2142	8120
2143	8121
2144	8126
2145	8129
2146	8130
2147	8138
2148	8147
2149	8154
2150	8157
2151	8158
2152	8161
2153	8164
2154	8167
2155	8171
2156	8173
2157	8174
2158	8178
2159	8182
2160	8183
2161	8188
2162	8189
2163	8191
2164	8193
2165	8194
2166	8195
2167	8203
2168	8204
2169	8210
2170	8216
2171	8217
2172	8218
2173	8224
2174	8225
2175	8226
2176	8227
2177	8236
2178	8238
2179	8240
2180	8243
2181	8247
2182	8248
2183	8250
2184	8251
2185	8257
2186	8258
2187	8261
2188	8266
2189	8276
2190	8279
2191	8282
2192	8283
2193	8286
2194	8287
2195	8292
2196	8298
2197	8307
2198	8309
2199	8311
2200	8318
2201	8335
2202	8342
2203	8343
2204	8344
2205	8345
2206	8353
2207	8354
2208	8356
2209	8357
2210	8367
2211	8371
2212	8372
2213	8373
2214	8377
2215	8378
2216	8384
2217	8392
2218	8394
2219	8397
2220	8398
2221	8399
2222	8404
2223	8408
2224	8410
2225	8413
2226	8416
2227	8421
2228	8425
2229	8430
2230	8434
2231	8440
2232	8441
2233	8442
2234	8446
2235	8447
2236	8454
2237	8457
2238	8458
2239	8462
2240	8463
2241	8466
2242	8470
2243	8473
2244	8478
2245	8485
2246	8491
2247	8501
2248	8503
2249	8508
2250	8509
2251	8510
2252	8516
2253	8517
2254	8520
2255	8521
2256	8524
2257	8526
2258	8528
2259	8530
2260	8537
2261	8545
2262	8550
2263	8553
2264	8559
2265	8560
2266	8561
2267	8564
2268	8568
2269	8572
2270	8577
2271	8578
2272	8582
2273	8585
2274	8595
2275	8598
2276	8600
2277	8601
2278	8606
2279	8610
2280	8615
2281	8616
2282	8617
2283	8621
2284	8625
2285	8626
2286	8627
2287	8629
2288	8632
2289	8634
2290	8645
2291	8651
2292	8653
2293	8656
2294	8671
2295	8675
2296	8677
2297	8679
2298	8687
2299	8696
2300	8697
2301	8700
2302	8701
2303	8704
2304	8706
2305	8708
2306	8712
2307	8714
2308	8717
2309	8719
2310	8723
2311	8726
2312	8727
2313	8735
2314	8737
2315	8740
2316	8744
2317	8746
2318	8747
2319	8752
2320	8753
2321	8755
2322	8756
2323	8758
2324	8763
2325	8768
2326	8772
2327	8778
2328	8780
2329	8782
2330	8784
2331	8786
2332	8787
2333	8790
2334	8795
2335	8800
2336	8809
2337	8810
2338	8815
2339	8818
2340	8820
2341	8821
2342	8822
2343	8824
2344	8829
2345	8841
2346	8845
2347	8846
2348	8854
2349	8860
2350	8868
2351	8873
2352	8874
2353	8875
2354	8876
2355	8886
2356	8889
2357	8890
2358	8893
2359	8894
2360	8897
2361	8899
2362	8905
2363	8906
2364	8908
2365	8909
2366	8914
2367	8934
2368	8936
2369	8938
2370	8939
2371	8940
2372	8941
2373	8943
2374	8945
2375	8947
2376	8950
2377	8954
2378	8959
2379	8964
2380	8967
2381	8974
2382	8976
2383	8981
2384	8982
2385	8983
2386	8987
2387	8990
2388	8991
2389	8999
2390	9003
2391	9009
2392	9012
2393	9025
2394	9028
2395	9031
2396	9032
2397	9033
2398	9037
2399	9038
2400	9042
2401	9046
2402	9047
2403	9050
2404	9051
2405	9055
2406	9060
2407	9062
2408	9063
2409	9066
2410	9075
2411	9080
2412	9081
2413	9082
2414	9084
2415	9085
2416	9086
2417	9087
2418	9092
2419	9104
2420	9113
2421	9123
2422	9124
2423	9125
2424	9134
2425	9137
2426	9141
2427	9147
2428	9150
2429	9152
2430	9156
2431	9157
2432	9160
2433	9161
2434	9162
2435	9167
2436	9169
2437	9173
2438	9177
2439	9182
2440	9190
2441	9193
2442	9200
2443	9205
2444	9209
2445	9213
2446	9215
2447	9217
2448	9221
2449	9222
2450	9224
2451	9230
2452	9231
2453	9234
2454	9241
2455	9257
2456	9266
2457	9267
2458	9270
2459	9273
2460	9278
2461	9279
2462	9282
2463	9283
2464	9289
2465	9290
2466	9291
2467	9294
2468	9298
2469	9300
2470	9303
2471	9310
2472	9312
2473	9329
2474	9338
2475	9350
2476	9352
2477	9353
2478	9357
2479	9364
2480	9371
2481	9374
2482	9377
2483	9378
2484	9383
2485	9386
2486	9394
2487	9396
2488	9398
2489	9401
2490	9405
2491	9408
2492	9410
2493	9417
2494	9420
2495	9425
2496	9435
2497	9445
2498	9452
2499	9463
2500	9464
2501	9465
2502	9467
2503	9472
2504	9473
2505	9474
2506	9476
2507	9481
2508	9489
2509	9495
2510	9498
2511	9499
2512	9512
2513	9514
2514	9517
2515	9528
2516	9529
2517	9532
2518	9533
2519	9540
2520	9541
2521	9542
2522	9571
2523	9573
2524	9574
2525	9575
2526	9576
2527	9580
2528	9584
2529	9589
2530	9590
2531	9594
2532	9601
2533	9604
2534	9607
2535	9614
2536	9618
2537	9620
2538	9622
2539	9627
2540	9630
2541	9631
2542	9642
2543	9643
2544	9653
2545	9654
2546	9658
2547	9660
2548	9667
2549	9670
2550	9671
2551	9676
2552	9678
2553	9680
2554	9683
2555	9685
2556	9691
2557	9692
2558	9696
2559	9702
2560	9704
2561	9709
2562	9711
2563	9712
2564	9714
2565	9720
2566	9722
2567	9724
2568	9726
2569	9727
2570	9731
2571	9733
2572	9736
2573	9737
2574	9738
2575	9742
2576	9746
2577	9748
2578	9750
2579	9752
2580	9767
2581	9770
2582	9773
2583	9778
2584	9780
2585	9781
2586	9783
2587	9785
2588	9786
2589	9793
2590	9797
2591	9800
2592	9808
2593	9810
2594	9815
2595	9822
2596	9833
2597	9837
2598	9845
2599	9857
2600	9860
2601	9861
2602	9865
2603	9877
2604	9882
2605	9884
2606	9885
2607	9894
